7.5780
7.5827
7.6042
7.5576
7.5334
7.5471
7.5032
7.4253
7.4796
7.4137
7.3460
7.3707
7.3346
7.3078
7.3100
7.2621
7.2315
7.1500
7.1343
7.0898
7.0828
6.9565
6.9327
6.9222
6.9282
6.9103
7.0355
6.9109
6.9351
6.8661
6.9039
6.9323
6.9017
6.9826
6.8811
6.7975
6.8260
6.9414
6.9174
6.9000
6.8705
6.9416
6.8316
6.8846
6.8642
6.7938
6.9256
6.8295
6.9115
6.8985
6.8135
6.8216
6.8894
6.8419
6.8144
6.8547
6.6928
6.8142
6.8169
6.7846
6.7500
6.8230
6.7536
6.7422
6.8357
6.7900
6.7531
6.7711
6.7677
6.7945
6.7203
6.6837
6.6533
6.7005
6.7124
6.6832
6.7012
6.6883
6.7065
6.7362
6.6999
6.4606
6.6540
6.8144
6.7320
6.7473
6.6770
6.6512
6.6694
6.7661
6.7878
6.7155
6.6587
6.7154
6.6686
6.8130
6.6712
6.5320
6.4458
6.6400
6.6800
6.6316
6.6486
6.6151
6.6201
6.7502
6.5267
6.6249
6.5202
6.5828
6.7019
6.5437
6.6811
6.4356
6.5603
6.4381
6.4550
6.5032
6.3982
6.4200
6.5202
6.3703
6.5419
6.4551
6.3867
6.4626
6.2826
6.6462
6.5591
6.3396
6.4066
6.3601
6.4398
6.5078
6.4327
6.7448
6.3551
6.5262
6.3379
6.4065
6.3156
6.3216
6.3988
6.2643
6.2977
6.4062
6.4608
6.4724
6.3944
6.4606
6.3150
6.4845
6.3769
6.4256
6.1438
6.3716
6.3010
6.3023
6.3102
6.4530
6.4731
6.4546
6.2431
6.1992
6.3761
6.4770
6.3828
6.1830
6.4041
6.3562
6.1923
6.3201
6.3293
6.3243
6.3174
6.3738
6.2931
6.3724
6.2493
6.0677
6.2635
6.2804
6.2676
6.4363
6.2154
6.2966
6.2660
6.4603
6.2691
6.2213
6.1085
6.3385
6.3689
6.1060
6.3006
6.4038
6.2010
6.3229
6.4306
6.4969
6.1401
6.2742
6.3885
6.3863
6.2083
6.0822
6.1035
6.1875
6.2090
6.3299
6.1114
6.3666
6.2504
6.0377
6.1436
6.1999
6.3832
6.3398
6.3062
6.2846
6.1204
6.1831
6.1162
6.3302
6.0656
6.2921
6.2176
6.1268
6.3133
5.8069
6.2291
6.0922
6.0566
6.2507
6.0485
6.1143
6.0840
6.2030
6.2484
6.0870
6.0853
6.0464
6.2749
6.1599
6.2574
6.2143
6.1395
6.1688
5.9417
6.3455
6.1078
6.3288
6.2295
6.3392
6.1821
6.2395
6.0194
6.1433
6.1264
6.2385
6.2628
6.2080
6.3461
6.5201
6.2037
6.0036
6.2615
5.8923
6.1074
6.1157
6.0527
6.2660
6.2717
6.2551
6.2785
6.2366
6.0746
6.2023
6.1891
6.1754
6.2934
6.2967
6.1577
6.0070
6.0941
6.2409
6.0194
6.2507
6.2034
6.2089
6.2128
6.1050
6.0499
6.1317
6.1883
6.1339
6.1334
6.0363
6.0130
6.1414
6.0601
6.2409
6.1326
6.1361
6.0200
6.1696
6.1131
6.3223
6.2147
6.2490
6.1657
5.9803
6.3167
6.1119
6.0326
6.0741
6.0713
5.8816
6.1152
6.3752
5.9904
5.9881
6.1458
5.9402
6.2604
6.2196
6.2540
6.1204
6.0877
6.0026
6.0014
5.9668
6.1171
5.9494
5.9810
6.0179
6.1036
5.9106
6.1134
6.1296
5.8924
5.9407
6.1128
6.0415
6.3444
5.9206
6.0990
5.8243
6.0037
6.2376
6.1304
6.1694
6.0152
6.1104
6.1635
6.2857
6.0037
6.0004
6.3097
6.1409
6.3609
6.2750
6.1628
6.0353
6.2352
6.0267
5.9345
6.1350
6.3207
6.1385
6.0121
6.1008
6.0699
6.0045
6.1475
6.0504
6.1672
6.1814
6.0432
5.9856
6.0308
5.9404
6.0758
6.1506
6.1313
6.1232
6.0834
6.1544
6.1312
6.1550
6.1466
5.9695
6.5079
6.0990
6.0292
6.0452
6.2460
6.2047
6.2200
5.9180
6.1333
6.0659
6.1540
6.1726
5.9941
6.0957
5.9363
5.9276
6.1204
6.1142
6.3102
6.0539
5.9482
5.9376
6.0411
6.0208
6.1325
6.0228
6.2112
6.1848
5.9938
6.0329
6.0600
5.9990
6.2188
6.2185
6.1858
6.1756
6.2198
6.1322
5.8318
6.1945
5.9991
5.9681
6.1529
5.9487
6.2773
6.1230
5.9682
6.2189
6.2126
6.4390
6.1999
6.1233
5.9957
6.2594
6.0413
6.1840
6.2728
5.8474
5.9212
6.2333
5.9468
6.2206
6.0037
6.1094
6.2053
5.8487
6.0639
6.0865
6.0650
6.0474
6.0502
5.9507
6.2189
6.0368
6.1008
5.8477
6.0359
6.1655
6.0785
5.9573
5.8305
6.0626
6.0443
6.2587
6.0537
5.8439
6.1401
6.1313
5.9765
6.1538
5.9862
6.1751
6.0715
6.0288
6.3552
6.0559
5.9742
5.9127
6.1422
6.2482
6.0574
6.0509
6.0283
6.1572
6.1940
5.7837
6.1328
6.0896
6.0273
5.8985
6.3063
6.2093
6.0126
5.9118
6.1477
6.0953
6.0246
5.9846
6.0648
6.2031
6.2619
6.0299
6.1506
5.9984
5.9377
6.1683
6.0614
6.2445
5.9080
5.9470
6.0155
6.1945
5.9765
5.9138
6.0801
6.2196
6.1449
6.1398
6.2221
5.8175
5.9485
6.1827
6.1032
5.8370
6.0140
6.1107
6.0675
5.9751
5.9044
6.0914
6.2692
5.9474
6.0853
6.0656
6.0949
6.0357
6.2318
6.0733
6.0641
6.2404
6.2340
6.1355
6.2564
6.0821
5.9066
6.2471
5.8184
5.8876
5.9764
6.0838
6.0856
6.0597
6.2671
6.0231
6.1232
6.0420
6.1731
5.9611
5.9442
5.9596
6.0341
5.8025
6.0462
6.3638
6.1229
6.3695
5.9931
6.0512
5.9956
5.8869
5.8987
6.0706
6.1263
5.9477
5.9762
5.9521
6.0196
6.1602
6.1287
6.0889
6.0749
6.1184
6.1152
6.1528
6.0556
6.1472
6.0109
6.2747
5.9322
6.0819
5.9906
6.0331
6.0219
6.0779
6.0804
6.2791
6.1714
6.2044
6.1168
6.0487
5.9880
6.0869
5.9390
6.0828
5.9952
6.0706
6.1153
5.9033
6.1340
5.9717
6.2663
5.9548
5.9879
5.9214
6.1274
6.3147
5.8689
6.0300
5.9276
6.1482
6.1416
6.0729
6.0267
5.7822
6.0569
6.1428
6.0658
6.0870
6.1687
6.0582
5.9820
6.0810
6.1181
5.8463
6.0208
5.9840
6.1865
6.3174
6.0365
6.0390
5.9859
6.0266
6.1418
6.0503
6.0795
5.9322
6.1403
6.2732
5.9350
6.0161
6.0280
5.9044
6.0748
5.8963
6.1752
6.0344
5.9480
6.1237
6.0556
5.9537
6.0412
6.0306
6.0616
6.0985
6.0440
6.0134
6.1326
5.9363
5.9168
5.8117
5.9820
6.0973
6.0824
6.0270
5.7117
5.8408
6.0323
6.1928
6.2519
6.0363
5.9536
6.1145
5.9898
6.0136
5.9087
5.8569
6.1315
5.9955
6.1268
6.2237
6.0864
6.1557
6.0929
6.1902
5.9710
5.8839
6.2849
5.8491
6.0837
5.9733
5.9454
6.1246
6.0345
6.1603
6.1661
6.0566
6.0138
5.8422
5.9674
6.1172
6.0121
6.0388
5.9054
5.9438
5.9597
6.3505
5.9293
5.8790
6.2100
6.1680
6.0440
6.1065
5.8393
5.9851
6.1651
5.9544
5.9012
6.1224
6.0380
6.0835
6.0854
5.9569
6.0184
6.1247
6.1886
5.9369
6.2024
5.9681
6.1143
5.9334
6.1179
5.7178
6.0183
5.9296
6.1775
5.9118
5.9767
6.0584
6.0160
6.1037
5.9778
5.9859
6.1440
6.0312
5.9701
6.0862
6.1660
6.1311
5.8199
6.3735
6.4502
6.0348
6.1416
6.0945
6.0781
5.9278
6.0827
5.8652
6.1895
6.0152
6.0400
5.9793
6.1050
6.0053
6.2801
6.0496
5.9454
5.8845
6.2960
6.0098
6.0866
6.0915
6.1892
6.0727
6.0308
6.2294
6.2137
5.9617
6.0607
6.1791
6.0964
5.8520
5.8896
6.0681
6.1139
5.9455
6.1610
6.1368
6.0803
5.8893
5.9817
6.2212
5.9938
6.0742
6.0659
6.0162
6.0011
6.1340
6.0273
6.0867
6.1240
5.9085
5.9937
5.9629
5.7965
6.0451
6.0375
6.2468
5.8771
5.9858
6.1222
5.9984
6.1239
5.7917
6.2696
6.0652
6.0943
5.8539
6.0405
6.0757
5.9235
5.9435
6.1906
5.8599
5.9955
6.1466
6.0828
6.0722
5.9178
6.2533
6.0414
5.9995
5.9902
6.1285
5.7812
6.1432
6.1440
6.0702
5.8708
5.9744
6.0527
6.0592
5.9736
5.9033
5.9479
5.9731
5.8957
6.0091
6.0317
6.0366
6.0073
5.8258
6.0023
5.9812
6.0094
6.1801
5.8567
5.9900
6.1114
6.0323
5.8415
5.9974
5.9479
6.0984
6.0878
6.2004
5.8267
5.8283
6.1577
5.9157
6.1013
5.9055
5.9393
6.0905
6.2020
5.7112
6.0975
5.9255
5.9917
6.0382
6.0339
5.8466
6.0304
5.8919
5.9285
5.9501
5.7769
5.8756
6.0135
5.9604
6.2223
6.1949
6.3659
5.9176
5.8929
6.1195
6.1471
5.9672
5.9701
5.9206
5.8988
5.9522
5.9704
5.9389
5.9784
5.9498
6.2210
6.0173
5.8751
6.0244
5.8899
6.0691
5.9891
6.1181
6.1785
6.0375
6.0812
6.0512
6.1358
6.0056
5.9420
6.0333
6.0071
5.9735
5.9785
6.0115
6.1693
6.0378
5.8335
5.8948
6.2398
6.0077
6.2464
5.8662
6.0601
5.9954
5.9265
6.0848
6.0596
5.9770
5.7552
5.8743
5.9783
6.0277
6.0141
6.0355
5.9974
5.9739
5.9591
6.1354
5.9206
5.9856
5.9258
6.0424
5.9163
6.0115
5.7662
6.1824
6.1419
6.1034
6.0395
6.0689
6.1153
5.8908
5.8290
6.0232
6.1426
5.9112
6.2409
6.0399
6.1415
6.0818
5.9767
6.1048
6.2525
6.0902
5.9286
5.9173
5.8455
6.1207
6.0408
5.9230
6.1089
5.8170
5.9512
5.7764
5.8590
5.9943
5.9103
6.0798
6.0002
5.9506
6.0211
5.9566
5.9359
5.9447
5.7506
5.9628
5.9560
6.1431
6.1147
5.9224
5.9033
5.9151
6.0423
5.9521
6.1542
5.9472
5.9279
5.8955
5.9936
5.8759
5.7639
6.0411
5.9612
5.8652
6.0153
5.9346
6.0203
6.0987
5.8831
5.8694
6.0198
6.1864
6.1793
5.8969
5.9817
5.9520
6.1141
5.7735
5.8833
5.9874
5.9613
5.9802
6.0551
5.5676
5.8994
5.8249
5.8931
5.8691
6.0212
5.6757
5.9436
6.1783
5.7777
5.6876
5.9638
5.5341
5.8677
5.8370
5.9405
5.7465
5.8343
5.8664
5.7614
5.7882
5.9230
5.8846
5.8768
5.8081
5.6841
6.0278
5.9345
5.4513
5.9301
5.6348
5.7595
5.5553
5.6243
5.6862
5.8254
5.9269
5.8697
5.7249
5.6301
5.9940
5.9922
5.6802
5.8602
5.8011
5.5674
5.6526
5.4365
5.5648
5.6091
5.4428
5.5358
5.5411
5.6432
4.9653
5.5780
5.4159
5.4877
5.4685
5.4162
5.3991
5.5533
5.2402
5.2696
5.4888
5.3392
5.1584
5.4229
5.4455
5.3677
5.1501
5.3497
5.3496
5.7355
5.1103
5.1130
5.0889
5.5313
5.4150
5.0767
5.1472
5.2483
5.2311
4.6473
5.1003
5.1377
5.3244
5.1395
4.9993
4.7566
5.0840
4.8962
4.9529
5.1297
4.5390
5.0567
4.9240
4.6254
4.6521
4.9234
4.7818
4.8309
5.2629
4.6356
5.0423
4.9477
4.0589
4.6708
4.1625
4.2034
4.3296
4.1299
4.6040
4.6440
4.2201
4.5483
4.3944
4.4642
4.4066
4.2573
4.3654
3.8960
4.3907
4.2900
4.3040
3.8547
4.7446
4.8354
3.8191
4.2710
4.4256
3.9700
3.6804
3.6509
4.5533
3.7756
4.1404
3.3836
3.8499
3.7869
3.6206
3.0635
3.6819
4.0765
3.7772
4.2908
3.8621
3.5797
3.8838
3.6317
3.6284
3.3527
3.4013
4.0483
3.8675
3.2484
3.2957
3.7081
3.3248
3.3259
3.5579
3.1350
3.8153
3.2121
3.1379
3.2710
3.0156
3.0304
3.2402
3.2181
2.9823
3.2995
2.9185
2.6052
3.2888
2.8699
3.0535
3.1146
3.1831
3.3144
2.7849
3.0038
2.6735
2.4997
2.5467
2.6498
2.3450
3.0813
2.5563
3.0146
3.0228
2.4153
3.1677
3.0264
2.9800
2.2710
2.6817
2.0776
2.1969
2.6797
2.5008
2.3563
2.0408
2.5396
1.8581
2.6655
2.3924
2.4645
2.0327
2.3818
2.6606
2.4768
2.6594
1.6797
1.7974
2.2387
2.0008
1.8294
2.2011
2.1619
2.1919
1.8097
1.6227
2.4006
1.9651
1.9146
2.0509
2.0074
1.7671
2.1856
1.9230
2.3258
2.1913
1.6352
2.2777
2.2930
2.2330
2.4255
1.3712
1.8742
1.9407
1.9136
1.9470
1.8584
1.6957
1.7210
1.7216
1.7622
2.2415
1.7034
1.2652
1.5143
1.7521
1.5219
1.5171
1.6829
1.6688
1.7855
1.7660
1.8576
1.8874
1.7273
1.6109
1.6951
1.8047
1.3718
1.0565
1.3345
1.6292
1.4928
1.7083
1.8536
0.9499
1.8857
1.3391
1.4249
2.0194
1.0346
1.7563
1.0026
1.2729
1.3651
1.1535
1.2886
1.4493
1.2231
1.4470
1.4098
1.4004
1.6183
1.5113
1.4983
1.0477
1.2241
1.3213
1.2094
1.2497
1.4000
0.8003
1.2476
1.4909
1.0517
0.6357
1.0620
1.6597
1.4698
0.9414
1.3485
0.7541
1.4704
0.9072
1.2454
1.1320
1.1215
0.9030
1.5949
1.2784
1.2995
1.1063
1.1461
1.0870
0.9054
1.4808
0.9948
0.8882
1.1318
1.3149
1.5097
0.8155
0.8402
1.3646
1.0294
1.1205
1.2970
0.8480
1.1267
0.8530
1.1528
1.2552
0.9443
1.0473
0.7671
0.9670
1.2831
0.7625
1.0511
1.2787
0.6557
0.8194
1.1048
0.9865
0.8250
0.6689
1.2475
1.1388
0.9399
0.9942
0.9450
0.8310
1.0022
1.2866
0.5371
1.0249
0.7093
0.9232
1.0969
0.9726
0.7312
0.8239
1.0150
0.8497
1.0210
0.5457
0.7165
1.1605
0.7310
0.3981
0.8711
0.8370
0.6779
0.7276
0.8481
0.7016
1.0373
0.5389
1.0477
0.9760
0.6738
1.1906
0.7759
1.2511
0.9576
0.6972
0.8880
0.6475
0.6575
0.7807
0.5394
0.6307
1.0279
0.8036
0.8974
0.5822
0.3971
0.9633
0.6764
0.7235
0.4179
0.8770
0.5626
0.7991
0.6801
0.8528
0.7943
0.4316
1.0226
0.5598
0.5879
0.6293
0.7942
0.8572
0.5593
0.5829
1.1755
0.5095
0.9786
0.5639
0.6959
0.4022
0.6187
0.4887
0.6302
0.6500
0.4714
0.7684
0.3108
0.6717
0.4930
0.4119
0.4101
0.7874
0.5683
0.7500
0.6567
0.4220
0.5753
0.4426
0.5484
0.2266
0.5924
0.4393
0.6393
0.5560
0.5237
0.4683
0.5571
0.7324
0.8729
0.7417
0.4484
0.4939
0.5247
0.2723
0.5569
0.6878
0.6514
0.8336
0.4402
0.3136
0.6469
0.6435
0.5755
0.3382
0.5704
0.6708
0.4311
0.5158
0.5537
0.5566
0.4811
0.3662
0.3529
0.5115
0.5089
0.5021
0.5746
0.3467
0.3181
0.6113
0.3366
0.4625
0.5616
0.5805
0.6300
0.4696
0.3773
0.4581
0.4810
0.5214
0.8025
0.2911
0.3667
0.2400
0.4112
0.3698
0.6523
0.4529
0.3419
0.4340
0.2944
0.2035
0.3479
0.5444
0.3043
0.5735
0.2898
0.3277
0.1741
0.3819
0.2797
0.4174
0.5111
0.5418
0.3564
0.5595
0.3074
0.3456
0.1759
0.3153
0.2081
0.1958
0.4670
0.5266
0.5188
0.4822
0.4042
0.5288
0.2074
0.3396
0.6532
0.3876
0.2709
0.3739
0.4816
0.5013
0.5637
0.2852
0.4166
0.3462
0.3463
0.6586
0.3796
0.5723
0.2383
0.3468
0.3995
0.5401
0.3975
0.4791
0.4417
0.1802
0.2790
0.3617
0.2708
0.0998
0.2543
0.2299
0.4263
0.4980
0.3071
0.6677
0.3588
0.3960
0.3341
0.3284
0.4337
0.5971
0.3776
0.3104
0.3795
0.2698
0.3706
0.4136
0.4795
0.3201
0.5317
0.6087
0.2728
0.5481
0.6588
0.4416
0.3975
0.4711
0.5758
0.2051
0.3468
0.3688
0.1563
0.4655
0.2125
0.3884
0.3138
0.5582
0.3301
0.4626
0.3355
0.2903
0.2046
0.1810
0.1707
0.1730
0.3062
0.4317
0.3548
0.1324
0.3850
0.4965
0.1667
0.5771
0.3566
0.4700
0.4024
0.2482
0.4525
0.5261
0.3035
0.1486
0.2744
0.2039
0.2494
0.2781
0.2317
0.2208
0.2314
0.3174
0.2190
0.4584
0.3005
0.2978
0.3443
0.5057
0.1616
0.2704
0.2888
0.1731
0.0839
0.3520
0.1620
0.2484
0.4453
0.1413
0.2501
0.2026
0.2762
0.3365
0.6033
0.5236
0.1049
0.2083
0.2002
0.1955
0.1758
0.2477
0.2290
0.2388
0.1133
0.1630
0.1479
0.0730
0.1399
0.2229
0.1626
0.1068
0.3070
0.3543
0.3052
0.1834
0.2785
0.1345
0.4759
0.3685
0.4300
0.3103
0.4685
0.1062
0.3139
0.3267
0.2366
0.2474
0.2788
0.2754
0.2446
0.2229
0.1166
0.2308
0.2584
0.1718
0.1815
0.1152
0.2354
0.3243
0.3766
0.1941
0.2463
0.1842
0.1626
0.2755
0.2470
0.2168
0.4348
0.4142
0.3596
0.2503
0.1906
0.1394
0.0859
0.3152
0.2374
0.3850
0.2779
0.3041
0.1546
0.1604
0.2527
0.1453
0.0563
0.3881
0.2250
0.0570
0.1203
0.1819
0.2942
0.1683
0.1653
0.2278
0.1680
0.1058
0.1706
0.1274
0.1590
0.4319
0.2837
0.1663
0.0940
0.3827
0.3320
0.1762
0.3437
0.2688
0.1138
0.1816
0.2060
0.2116
0.1569
0.1163
0.0722
0.1830
0.3105
0.2061
0.1769
0.1353
0.0652
0.1861
0.1319
0.1658
0.2036
0.2099
0.1533
0.1301
0.2615
0.0642
0.3319
0.1834
0.2294
0.2801
0.2751
0.0460
0.1456
0.1464
0.3450
0.2676
0.2025
0.2769
0.1391
0.2314
0.1905
0.1865
0.1448
0.2510
0.1493
0.3092
0.1155
0.2475
0.2320
0.1897
0.2877
0.1669
0.1753
0.2061
0.0700
0.0963
0.2034
0.0637
0.2597
0.3349
0.2668
0.3253
0.1751
0.1220
0.0796
0.1960
0.1602
0.2076
0.4148
0.3596
0.0617
0.1548
0.1719
0.1657
0.1112
0.1235
0.0421
0.0810
0.1874
0.1293
0.1840
0.1074
0.1999
0.2215
0.1587
0.1191
0.0797
0.3459
0.1094
0.2782
0.0155
0.2005
0.1870
0.2530
0.0221
0.1976
0.0723
0.1229
0.1973
0.0532
0.0913
0.0606
0.0977
0.1908
0.0866
0.1809
0.1635
0.1669
0.1340
0.1257
0.1830
0.1349
0.0983
0.2139
0.1832
0.1840
0.1666
0.1852
0.2500
0.1943
0.0794
0.0531
0.1123
0.1302
0.2146
0.2271
0.0713
0.1458
0.1764
0.1208
0.1690
0.0601
0.1344
0.2180
0.1710
0.0722
0.1882
0.1100
0.1439
0.1046
0.2124
0.1108
0.1058
0.2238
0.0750
0.1362
0.0195
0.2065
0.1774
0.1124
0.1131
0.0459
0.2021
0.0807
0.1127
0.1272
0.2671
0.1950
0.0737
0.1247
0.1281
0.0453
0.0918
0.1245
0.1630
0.1753
0.2625
0.0843
0.1211
0.0893
0.0666
0.1937
0.0977
0.3011
0.0603
0.0065
0.0659
0.0598
0.0792
0.1173
0.1532
0.1850
0.1635
0.1080
0.1009
0.1108
0.1089
0.2674
0.1460
0.2268
0.1012
0.0857
0.0959
0.2648
0.0759
0.0361
0.0893
0.1714
0.1132
0.0792
0.0556
0.0746
0.0968
0.1000
0.0485
0.1827
0.0534
0.0975
0.1711
0.1628
0.1453
0.1425
0.1186
0.1487
0.1557
0.0729
0.1708
0.1939
0.0957
0.1153
0.0446
0.0658
0.1109
0.2426
0.1606
0.0857
0.1568
0.1158
0.1057
0.0568
0.0628
0.1124
0.0697
0.0598
0.1718
0.0906
0.0157
0.0558
0.1011
0.1064
0.0693
0.1273
0.0763
0.1107
0.0969
0.0883
0.0975
0.0730
0.0652
0.0453
0.1030
0.0762
0.0793
0.0599
0.2006
0.0984
0.1036
0.0867
0.1368
0.1057
0.1906
0.0914
0.0959
0.2207
0.0151
0.0683
0.0948
0.0709
0.1159
0.1971
0.0703
0.1100
0.1117
0.0017
0.1290
0.0832
0.0340
0.0771
0.0833
0.0616
0.0435
0.1241
0.0398
0.0732
0.1153
0.0750
0.0425
0.0108
0.0321
0.1123
0.0744
0.1934
0.1057
0.0902
0.0556
0.0815
0.1386
0.0953
0.0119
0.0926
0.1646
0.0992
0.0937
0.0173
0.0788
0.0065
0.0671
0.0805
0.0730
0.2207
0.1417
0.1893
0.0721
0.0404
0.1528
0.0912
0.0022
0.1030
0.0198
0.0693
0.0367
0.0119
0.0601
0.0544
0.1043
0.0510
0.0780
0.0024
0.1197
0.0443
0.0585
0.0056
0.0624
0.0248
0.0896
0.1264
0.0703
0.0357
0.0772
0.0553
0.0966
0.0455
0.0325
0.0675
0.0418
0.0015
0.0974
0.0697
0.0721
0.0087
0.0296
0.0292
0.0008
0.0418
0.1194
0.0796
0.0171
0.0209
0.0692
0.0546
0.1053
0.0478
0.1233
0.0787
0.0683
0.0750
0.1180
0.1244
0.0416
0.0809
0.0913
0.0367
0.0211
0.0700
0.1110
0.0431
0.0365
0.0467
0.0409
0.0445
0.0575
0.0187
0.0446
0.0776
0.0528
0.0733
0.1776
0.0837
0.0323
0.0730
0.0158
0.0632
0.0285
0.1319
0.0380
0.1027
0.0226
0.0886
0.0270
0.0437
0.0170
0.1072
0.0962
0.0416
0.0902
0.0184
0.0737
0.0531
0.0518
0.0222
0.0773
0.0424
0.0944
0.0750
0.0586
0.0266
0.1321
0.0201

config:
'''
处理音频数据时用到的一些参数
'''
feature_max_len = 520  # 音频特征在时间上的参数
n_mfcc = d_model = 128  # 音频特征的采样率 和特征向量的大小
tgt_max_len = 30

'''
构建Transformer时用到的一些参数
注意 n_mfcc必须等于d_model
'''
d_ff = 2048  # 前向传播隐藏层维度
d_k = d_v = 64  # K(=Q), V的维度
n_layers = 6  # 有多少个encoder和decoder
n_heads = 8  # Multi-Head Attention设置为8

output_channel = 1
kernel_size = 3
stride = 1
padding = 1

'''
构建数据集时需要涉及到的参数
'''
train_data_path_base = 'G:\\code\\HLT-test\\code\\speech2text\\data\\train\\'
train_data_file = []
start = 2
end = 7
for i in range(start, end):
    train_data_file.append('S000'+str(i))
ground_truth_path = 'G:\\code\\HLT-test\\code\\speech2text\\data\\answer\\aishell_transcript_v0.8.txt'

'''
训练时可能用到的参数
'''
batch_size = 16
epoch = 20







