7.4960
7.4968
7.4991
7.4933
7.4976
7.4910
7.4938
7.5030
7.5013
7.4963
7.4946
7.4919
7.4886
7.4841
7.4659
7.4992
7.4929
7.4761
7.4721
7.4823
7.4974
7.4727
7.4764
7.4745
7.4752
7.4651
7.4537
7.4352
7.4483
7.4420
7.4238
7.4273
7.4275
7.4347
7.3832
7.4058
7.3744
7.3733
7.3296
7.3430
7.3275
7.3090
7.2698
7.2176
7.2115
7.2006
7.0853
7.0881
7.1603
7.0504
6.9551
6.9971
7.0349
7.0744
7.0724
7.0559
6.9867
7.0428
6.9451
7.0227
7.0019
6.9875
7.0223
7.0153
7.0310
6.9946
7.0221
6.9945
6.9873
6.9478
7.0276
6.8806
7.0190
6.9102
6.9923
7.0175
6.9651
6.9519
6.9787
6.9982
6.9714
6.9456
6.9801
7.0515
6.9390
7.0098
6.9133
7.0061
6.8865
6.9747
7.0184
6.9691
6.9661
6.9847
6.9964
6.9694
6.9862
7.0020
6.9183
6.9491
6.9616
7.0294
6.9567
6.9784
6.9528
6.9386
6.9369
6.9517
7.0134
6.9317
7.0386
7.0148
6.9212
7.0424
6.9206
6.9739
6.9845
6.9431
6.9036
7.0166
6.9664
6.9884
6.9950
6.9961
6.9481
6.9314
6.9222
6.9070
6.9702
6.9625
6.9350
6.9544
6.9398
6.9326
6.9498
6.9576
6.8691
6.8704
6.9931
6.9390
6.8841
6.9231
6.8270
6.9289
6.9745
6.9144
6.9614
6.8743
6.8859
6.9083
6.8917
6.9236
6.8756
6.8919
6.8764
6.8092
6.7783
6.7839
6.9884
6.8896
6.8657
6.8759
6.9572
6.9104
6.9143
6.7807
6.8064
6.8699
6.8147
6.8010
6.8084
6.8713
6.7880
6.7299
6.8126
6.8449
6.6955
6.7842
6.8316
6.8427
6.8233
6.8036
6.9231
6.7717
6.7444
6.6969
6.8021
6.7384
6.6346
6.6990
6.6849
6.7953
6.7143
6.6581
6.7451
6.7537
6.4610
6.6763
6.6239
6.5015
6.4830
6.6939
6.5825
6.6020
6.6673
6.5825
6.6678
6.5402
6.4936
6.4219
6.4035
6.4673
6.3591
6.5996
6.5691
6.4120
6.5609
6.5149
6.5852
6.3462
6.3825
6.4654
6.4872
6.5806
6.4902
6.5411
6.5201
6.4205
6.4520
6.4957
6.4274
6.3388
6.4805
6.3429
6.4243
6.4735
6.3927
6.4348
6.6906
6.3496
6.4635
6.1752
6.3528
6.2306
6.3682
6.3863
6.2032
6.4307
6.3574
6.2751
6.2807
6.2940
6.3845
6.2628
6.4848
6.2968
6.3600
6.3578
6.3353
6.4077
6.1489
6.1617
6.4149
6.4501
6.2688
6.3452
6.2539
6.2959
6.3285
6.4324
6.0744
6.4469
6.2981
6.3052
6.3533
6.2139
6.3024
6.3733
6.2787
6.2937
6.4311
6.4063
6.1316
6.2014
6.1096
6.1910
6.1165
6.0263
6.2730
6.1779
6.3564
6.2351
6.2735
6.3533
6.2131
6.3019
6.1710
6.0412
6.3453
6.2409
6.6007
6.4438
6.2044
6.2728
6.4548
6.2050
6.0998
6.0389
6.4188
6.3063
6.3052
6.2982
6.2791
6.1673
6.1117
6.1394
6.3987
6.2008
6.2234
6.2064
6.1829
6.3411
6.0674
6.1465
6.0759
6.3078
6.1172
6.2422
5.8988
6.3316
6.1703
6.2295
6.0296
6.1885
6.4018
6.0723
6.2899
6.2616
6.1611
5.9699
6.1596
6.1477
6.1960
6.2403
6.2164
6.1332
6.1020
6.2446
5.7889
6.2607
6.0961
6.1142
6.2020
5.8862
6.0939
6.1303
6.0529
6.2448
6.1939
6.0890
6.1505
6.0000
6.1319
5.6766
5.8591
6.3321
6.0104
6.0685
5.8142
6.1862
6.0311
5.9926
5.9381
5.9784
6.1960
6.0708
6.0681
6.0068
6.1316
5.9689
6.0481
5.9391
5.9496
5.9819
5.9172
5.7008
6.0723
6.1501
5.9609
5.9995
6.0258
6.1158
6.0388
6.0946
5.8911
6.0673
5.9296
5.8611
5.7627
5.8208
5.8539
5.8704
5.8576
6.1371
6.0250
5.6597
5.9394
5.9600
5.9846
5.8470
5.8239
6.1239
5.8020
5.6434
5.8236
6.0031
5.8021
6.0196
5.9684
6.0814
5.9067
5.9585
5.7556
5.7392
5.8406
5.6843
5.9528
5.9204
6.2310
5.7726
5.9652
5.6595
5.8939
5.8034
5.7970
5.6700
5.7604
5.4895
5.7895
5.6453
5.7473
5.7064
5.9629
5.6517
5.7229
5.7851
5.6477
5.6544
5.9394
5.8382
5.8492
5.7182
5.4543
5.5607
5.8165
5.5779
5.4308
5.6888
5.6815
5.6192
5.3908
5.8537
5.7230
5.3697
5.5508
5.7508
5.7014
5.4336
5.7125
5.2342
5.6157
5.5648
5.5274
5.4722
5.5685
5.1622
5.4325
5.3834
5.3017
5.5370
5.6755
5.8153
5.8399
5.1535
5.5093
5.2125
5.2971
5.2684
5.4247
5.3342
5.2363
5.1782
5.3507
5.2311
4.9871
5.4545
5.3603
5.0167
5.4352
5.0770
5.0320
5.3054
5.0465
5.1774
5.5764
4.7692
4.8585
5.1851
5.4966
5.2087
5.3269
4.9123
5.2986
5.0898
4.9837
4.9010
5.1282
4.7517
4.6458
5.0006
4.8466
4.6309
4.8892
4.7864
4.3214
4.8724
4.8102
5.0194
4.8877
4.4564
4.5914
4.9703
4.5546
4.6284
4.3954
4.7015
4.3240
4.5548
4.4757
3.9618
4.3003
4.7362
4.5841
4.6303
4.6202
4.7192
4.2483
4.3270
4.2666
4.4558
4.5288
4.0398
4.3966
4.0802
4.2725
3.5894
4.2650
3.9807
4.2664
4.0049
4.0921
4.3188
4.1993
4.4509
3.9454
3.8096
3.9402
4.0541
3.7611
3.8892
3.5900
3.9315
3.7446
3.4679
4.0970
3.9889
4.3993
3.5498
3.9306
3.9700
3.9430
3.6155
3.0227
3.8037
3.0877
4.1408
3.3044
3.4789
3.2333
3.4334
3.8073
2.7899
3.0610
3.1908
3.2921
3.5010
3.2060
3.1828
2.7670
3.3706
3.4851
2.9482
3.1152
3.1670
3.1641
3.6043
3.0387
2.9701
3.0099
2.4788
3.5490
3.2156
3.0436
2.9871
2.9453
3.4513
3.2017
2.9417
3.1389
3.3384
2.8095
2.5871
2.7686
3.1921
2.8888
2.9713
2.8239
2.5204
2.5361
2.9687
2.8507
2.2770
2.3084
2.6072
2.6186
2.5108
2.4279
2.6862
2.5444
2.7738
3.0472
2.3549
2.3562
2.6635
2.3323
2.7142
2.4657
2.1357
2.4756
2.5498
2.7517
2.5483
2.3518
2.1838
2.5893
2.0492
2.0608
2.0524
1.5836
2.5475
2.1122
1.9110
1.8628
2.1750
2.1380
2.4041
2.6764
1.6216
2.1692
2.0557
2.3158
2.0280
1.9683
1.4205
2.0999
1.9124
1.7103
2.1086
1.7100
1.8547
2.0648
1.9625
1.5200
2.0037
1.6382
1.7807
1.6171
1.7032
1.7113
1.9864
2.1286
1.7150
1.3257
1.5382
2.1408
1.5507
1.9549
2.2867
1.8007
1.8840
1.5961
1.6392
1.7439
1.9362
1.8684
1.6642
1.2936
1.6162
1.5584
1.5210
1.3639
1.7945
1.5915
1.5527
1.1303
1.8447
1.7295
1.5906
1.7880
1.5173
1.0035
1.5387
1.2551
1.7290
0.9186
1.5115
1.3936
1.5442
1.2422
1.5138
1.2918
1.9776
1.2905
1.2210
1.2353
1.5150
1.3205
1.3835
1.5352
1.6422
1.0777
1.2482
1.2009
1.2029
1.8609
1.1955
1.2363
1.2171
1.4986
1.2744
1.1472
1.0762
1.2360
1.3366
1.2309
0.8827
1.7452
1.5546
1.5144
1.0232
1.7285
0.9008
1.0021
0.9962
1.6469
1.0401
0.9795
1.0263
1.4095
1.2448
1.3987
1.2659
0.7243
1.0565
0.9561
1.0603
1.1064
1.2317
1.2376
1.3605
1.0292
0.6578
0.9301
1.2034
1.0319
0.9921
1.2768
1.1585
0.8278
0.6174
0.8649
0.7884
1.0381
0.9366
0.8588
0.5263
0.7042
0.9787
0.9147
0.7221
0.8085
1.3020
0.9071
0.7732
0.7295
0.9688
0.9615
1.3317
1.2515
0.6418
0.7893
1.0109
0.7694
0.7386
0.7987
0.8378
0.8839
0.5846
0.7618
0.7081
0.8220
0.8058
0.7767
0.9140
0.4228
0.7346
0.9805
1.0732
1.0290
0.6189
0.7612
0.5001
0.9805
0.9309
0.6739
0.5042
0.5920
0.6609
0.5633
0.8362
0.6263
0.6716
0.5285
0.8024
0.5959
0.6504
0.9049
0.5469
0.8419
0.9220
0.2421
0.4762
0.6772
0.9365
0.8019
0.8848
0.8450
0.7749
0.6289
0.4568
0.6573
0.6058
0.4687
0.6669
0.6867
0.6246
0.6049
0.3862
0.4709
0.4867
0.7763
0.5094
0.7597
0.7481
0.4467
0.9216
0.4297
0.7298
0.8460
0.7280
0.3878
0.5558
0.4313
0.5533
0.8611
0.4713
0.5527
0.4482
0.6473
0.4183
0.1452
0.3597
0.3173
0.4626
0.6327
0.4396
0.1883
0.4510
0.4376
0.4239
0.6482
0.5997
0.5117
0.4599
0.5407
0.4129
0.5662
0.4497
0.6220
0.7103
0.8152
0.6665
0.3599
0.6149
0.6676
0.7044
0.5058
0.7884
0.3299
0.4113
0.5030
0.4285
0.2383
0.4430
0.6594
0.6047
0.4310
0.3235
0.5208
0.4065
0.4763
0.4588
0.3305
0.4840
0.2788
0.4350
0.3889
0.4709
0.2890
0.6732
0.3140
0.5986
0.3653
0.4097
0.4415
0.4132
0.1723
0.3574
0.6891
0.3591
0.4115
0.3687
0.2845
0.5000
0.3166
0.5920
0.5226
0.3256
0.4632
0.4424
0.3183
0.2869
0.1894
0.5177
0.3334
0.5154
0.5595
0.4882
0.5577
0.2240
0.4219
0.0921
0.4400
0.2665
0.4569
0.4727
0.4079
0.3311
0.2606
0.6797
0.4533
0.3330
0.4068
0.2899
0.6936
0.3478
0.1889
0.2442
0.3738
0.2778
0.2584
0.3352
0.5847
0.2110
0.4791
0.4378
0.1971
0.2932
0.4620
0.4146
0.2630
0.2314
0.2211
0.3208
0.6926
0.3497
0.2899
0.2296
0.2963
0.2110
0.2447
0.2666
0.3338
0.3044
0.3417
0.3698
0.3044
0.2534
0.2460
0.5439
0.2280
0.4071
0.3033
0.3784
0.1926
0.2277
0.2863
0.2398
0.2168
0.0884
0.2934
0.4629
0.2035
0.2367
0.1978
0.1259
0.2779
0.2027
0.2627
0.4006
0.1155
0.2988
0.3537
0.2275
0.3558
0.4628
0.0961
0.3580
0.3844
0.2627
0.3024
0.2190
0.3779
0.2666
0.1934
0.3704
0.0768
0.3662
0.2918
0.2460
0.1715
0.2826
0.2692
0.3036
0.3128
0.2896
0.1531
0.2831
0.2960
0.2244
0.2582
0.2837
0.0921
0.1717
0.2429
0.2406
0.0791
0.3679
0.3236
0.3575
0.2031
0.4521
0.2371
0.2626
0.4151
0.0976
0.1895
0.3952
0.2446
0.2549
0.2383
0.0801
0.1878
0.2500
0.2702
0.0859
0.1113
0.2370
0.2435
0.1963
0.1818
0.2854
0.2928
0.1566
0.0743
0.4090
0.4048
0.3157
0.2844
0.2834
0.2510
0.3094
0.1300
0.2078
0.2803
0.2122
0.1819
0.1133
0.2495
0.1927
0.3229
0.2129
0.1463
0.3960
0.1926
0.1867
0.4515
0.2658
0.1916
0.0817
0.2655
0.2243
0.0981
0.1083
0.1810
0.1967
0.1578
0.3792
0.2156
0.2061
0.1234
0.0904
0.1142
0.0878
0.2492
0.0874
0.1687
0.1329
0.1697
0.1088
0.0153
0.0957
0.2114
0.1639
0.3080
0.0987
0.2728
0.1981
0.1092
0.1607
0.2837
0.2543
0.2084
0.2302
0.1056
0.1545
0.3349
0.1832
0.1066
0.2088
0.1421
0.1329
0.0759
0.2245
0.2636
0.2643
0.2008
0.1021
0.2059
0.0897
0.0760
0.1058
0.2262
0.1066
0.1634
0.1135
0.1562
0.2164
0.2240
0.2096
0.2956
0.2590
0.0890
0.0501
0.0757
0.1337
0.2152
0.1222
0.0517
0.1687
0.1263
0.1722
0.1742
0.2404
0.0701
0.1592
0.1745
0.4509
0.2093
0.1910
0.2873
0.1939
0.1436
0.1560
0.1048
0.0972
0.2443
0.1906
0.1004
0.0708
0.3352
0.1079
0.1956
0.2959
0.0776
0.1833
0.2521
0.1027
0.0911
0.0821
0.1315
0.2062
0.0483
0.1564
0.1882
0.1802
0.1210
0.0997
0.0725
0.1038
0.1184
0.0964
0.0180
0.1404
0.2383
0.1812
0.1666
0.1381
0.1523
0.1436
0.0950
0.2123
0.1182
0.1973
0.1041
0.0657
0.1985
0.1144
0.2146
0.1802
0.0896
0.2217
0.1128
0.1323
0.0778
0.0946
0.1475
0.0785
0.0616
0.0595
0.1716
0.0351
0.0307
0.1190
0.1635
0.1778
0.0289
0.2096
0.0788
0.1472
0.0459
0.1673
0.1321
0.1847
0.1465
0.0560
0.1168
0.1848
0.1172
0.0430
0.0624
0.0802
0.1660
0.1278
0.0304
0.0899
0.1312
0.1809
0.1304
0.1430
0.0878
0.1803
0.1845
0.1198
0.1027
0.1462
0.1717
0.1101
0.2057
0.1255
0.0910
0.2000
0.1105
0.1172
0.1070
0.1123
0.1215
0.1064
0.0781
0.2052
0.0961
0.1905
0.1125
0.0543
0.0944
0.2069
0.1049
0.1231
0.0708
0.1817
0.1379
0.0936
0.1374
0.2317
0.0748
0.1232
0.0678
0.0303
0.0531
0.1458
0.1288
0.0371
0.1473
0.1029
0.1008
0.1389
0.0412
0.1271
0.1216
0.2655
0.1364
0.0805
0.1191
0.1425
0.0494
0.0158
0.1055
0.1596
0.0549
0.0380
0.1246
0.2051
0.0804
0.0395
0.1505
0.1948
0.0590
0.1113
0.0913
0.0700
0.2086
0.1233
0.0731
0.0100
0.0074
0.0337
0.0143
0.0863
0.0881
0.0275
0.0675
0.0703
0.1667
0.1988
0.0939
0.1769
0.1587
0.0424
0.1475
0.0900
0.1569
0.0577
0.1207
0.0512
0.1306
0.1568
0.1042
0.1087
0.0157
0.1272
0.0300
0.0136
0.1108
0.0975
0.1044
0.0808
0.0163
0.0642
0.1493
0.0532
0.1561
0.0650
0.1561
0.0795
0.0758
0.0707
0.0694
0.1164
0.0927
0.0957
0.1290
0.0614
0.0330
0.0399
0.0940
0.0363
0.0286
0.0553
0.1476
0.0252
0.0391
0.0624
0.1006
0.0895
0.0998
0.0392
0.0820
0.0490
0.0858
0.0993
0.0855
0.0704
0.0692
0.1376
0.0734
0.0928
0.1202
0.0331
0.0836
0.1112
0.0183
0.0966
0.0513
0.0166
0.0535
0.0400
0.0669
0.0907
0.0570
0.0680
0.0890
0.1591
0.0140
0.0434
0.0514
0.0348
0.0797
0.0156
0.0624
0.0595
0.1078
0.0062
0.0661
0.1712
0.1669
0.0848
0.0841
0.0569
0.0562
0.0538
0.0215
0.0960
0.0890
0.0612
0.0900
0.0139
0.0215
0.0372
0.1785
0.0297
0.0432
0.0595
0.0684
0.0091
0.0406
0.0319
0.0896
0.0134
0.0338
0.1179
0.1054
0.1513
0.0722
0.0093
0.2032
0.0608
0.0395
0.0071
0.0096
0.1197
0.1013
0.0719
0.1390
0.0639
0.0802
0.0870
0.0387
0.0188
0.0717
0.0313
0.1177
0.0384
0.1691
0.0660
0.0302
0.0662
0.0138
0.0292
0.0763
0.0778
0.1110
0.1273
0.0636
0.0218
0.0299
0.1119
0.0338
0.0447
0.0448
0.0627
0.1123
0.0427
0.0415
0.0813
0.0518
0.0451
0.0072
0.0582
0.0056
0.1675
0.0051
0.1883
0.0538
0.0487
0.0442
0.0711
0.0396
0.1158
0.1410
0.0570
0.0219
0.0795
0.0339
0.0193
0.0201
0.0378
0.0547
0.0386
0.0693
0.0601
0.0274
0.0453
0.0241
0.0924
0.0153
0.0164
0.0761
0.0703
0.0295
0.0593
0.0685
0.0466
0.0844
0.0662
0.0761
0.0308
0.0193
0.0492
0.0608
0.0305
0.0300
0.1022
0.0399
0.0101
0.0257
0.0202
0.0314
0.0312
0.0350
0.0651
0.0536
0.0578
0.0546
0.0312
0.0839
0.1651
0.0797
0.0387
0.0479
0.0684
0.0146
0.0245
0.0485
0.0325
0.0880
0.0053
0.1221
0.0536
0.0397
0.0249
0.0645
0.0034
0.0424
0.0320
0.0264
0.0275
0.0441
0.0605
0.0190
0.0274
0.0833
0.0469
0.0622
0.0335
0.0578
0.0437
0.0846
0.0626
0.0155
0.0198
0.0265
0.0315
0.0130
0.0180
0.1019
0.0226
0.0218
0.0539
0.0760
0.0574
0.1487
0.0330
0.0943
0.0282
0.0152
0.0708
0.0600
0.0647
0.0200
0.0163
0.0323
0.1396
0.0101
0.0213
0.0834
0.0371
0.0231
0.0438
0.0504
0.0259
0.0544
0.0379
0.0337
0.0147
0.0638
0.0377
0.0055
0.0587
0.0142
0.0722
0.0284
0.0225
0.0442
0.0050
0.0067
0.0372
0.0573
0.0218
0.0090
0.0196
0.0523
0.0720
0.0161
0.0427
0.0406
0.0143
0.0129
0.0199
0.0249
0.0286
0.0465
0.0533
0.0937
0.0603
0.0253
0.0430
0.0074
0.0112
0.1101
0.0194
0.1291
0.0077
0.0535
0.0402
0.0201
0.0104
0.0086
0.0317
0.0276
0.0599
0.0083
0.0809
0.0502
0.0245
0.0185
0.0680
0.0277
0.0210
0.0325
0.0295
0.0583
0.0420
0.0277
0.0434
0.0028
0.0705
0.0146
0.0145
0.0383
0.0182
0.0202
0.0316
0.0417
0.0467
0.0403
0.0820
0.0406
0.0239
0.0615
0.0240
0.0687
0.0366
0.0417
0.0213
0.0554
0.0132
0.0266
0.0229
0.0264
0.0692
0.0046
0.0076
0.0127
0.0752
0.0361
0.0173
0.0256
0.0780
0.0296
0.0604
0.0657
0.0070
0.0281
0.0312
0.0299
0.0565
0.0038
0.0267
0.0212
0.0228
0.0047
0.0344
0.0202
0.0430
0.0599
0.0310
0.0357
0.0229
0.0336
0.0133
0.0787
0.0196
0.0192
0.0056
0.0118
0.0369
0.0352
0.0104
0.0144
0.0210
0.0558
0.0351
0.0271
0.0035
0.0088
0.0147
0.0040
0.0548
0.0273
0.0265
0.0066
0.0059
0.0354
0.0301
0.0213
0.0375
0.0159
0.0422
0.0238
0.0144
0.0384
0.0552
0.0095
0.0443
0.0190
0.0761
0.0549
0.0074
0.0072
0.0211
0.0054
0.0424
0.0122
0.0040
0.0481
0.0330
0.0109
0.0331
0.0040
0.0184
0.0092
0.0147
0.0551
0.0368
0.0706
0.0676
0.0206
0.0432
0.0090
0.0047
0.0063
0.0058
0.0087
0.0498
0.0305
0.0044
0.0641
0.0269
0.0134
0.0259
0.0042
0.0999
0.0310
0.0764
0.0153
0.0571
0.0125
0.0241
0.0083
0.0083
0.0152
0.0165
0.0219
0.0116
0.0049
0.0132
0.0554
0.0116
0.0047
0.0693
0.0195
0.0108
0.0085
0.0860
0.0843
0.0140
0.0187
0.0357
0.0040
0.0069
0.0035
0.0199
0.0067
0.0039
0.0064
0.0191
0.0164
0.0069
0.0039
0.0238
0.0038
0.0294
0.0442
0.0613
0.0117
0.0229
0.0212
0.0399
0.0207
0.0054
0.0093
0.0271
0.0157
0.0113
0.0423
0.0081
0.0055
0.0027
0.0189
0.0347
0.0136
0.0128
0.0101
0.0117
0.0889
0.0049
0.0141
0.0335
0.0039
0.0075
0.0194
0.0703
0.0108
0.0239
0.0154
0.0161
0.0088
0.0039
0.0033
0.0172
0.0327
0.0251
0.0137
0.0152
0.0189
0.0201
0.0074
0.0189
0.0236
0.0028
0.0308
0.0047
0.0040
0.0165
0.0330
0.0301
0.0150
0.0079
0.0104
0.0153
0.0863
0.0397
0.0164
0.0188
0.0687
0.0077
0.0216
0.0083
0.0292
0.0309
0.0011
0.0283
0.0362
0.0031
0.0514
0.0135
0.0158
0.0179
0.0125
0.0152
0.0086
0.0042
0.0176
0.0332
0.0209
0.0115
0.0043
0.0039
0.0037
0.0186
0.0820
0.0235
0.0214
0.0604
0.0272
0.0277
0.0056
0.0247
0.0067
0.0079
0.0069
0.0043
0.0181
0.0396
0.0051
0.0065
0.0076
0.0055
0.0388
0.0086
0.0194
0.0067
0.0060
0.0029
0.0024
0.0354
0.0044
0.0209
0.0285
0.0263
0.0054
0.0188
0.0216
0.0056
0.0054
0.0246
0.0308
0.0037
0.0065
0.0067
0.0070
0.0304
0.0345
0.0031
0.0531
0.0206
0.0140
0.0080
0.0074
0.0195
0.0070
0.0047
0.0215
0.0254
0.0057
0.0057
0.0096
0.0080
0.0044
0.0196
0.0131
0.0066
0.0109
0.0114
0.0233
0.0381
0.0064
0.0029
0.0306
0.0571
0.0362
0.0078
0.0077
0.0461
0.0039
0.0217
0.0075
0.0295
0.0226
0.0087
0.0136
0.0081
0.0110
0.0142
0.0225
0.0078
0.0028
0.0025
0.0165
0.0130
0.0021
0.0027
0.0315
0.0083
0.0054
0.0283
0.0066
0.0055
0.0061
0.0539
0.0035
0.0287
0.0130
0.0029
0.0137
0.0091
0.0039
0.0158
0.0504
0.0021
0.0238
0.0097
0.0720
0.0030
0.0202
0.0061
0.0062
0.0310
0.0030
0.0080
0.0028
0.0141
0.0032
0.0425
0.0266
0.0019
0.0039
0.0067
0.0024
0.0104
0.0215
0.0125
0.0046
0.0059
0.0020
0.0129
0.0060
0.0030
0.0065
0.0121
0.0258
0.0091
0.0070
0.0082
0.0176
0.0108
0.0107
0.0033
0.0089
0.0045
0.0054
0.0137
0.0187
0.0072
0.0095
0.0040
0.0062
0.0023
0.0050
0.0111
0.0119
0.0064
0.0034
0.0118
0.0106
0.0487
0.0083
0.0031
0.0035
0.0016
0.0083
0.0022
0.0288
0.0015
0.0066
0.0040
0.0274
0.0054
0.0061
0.0256
0.0064
0.0184
0.0085
0.0070
0.0117
0.0156
0.0106
0.0524
0.0050
0.0105
0.0029
0.0226
0.0050
0.0023
0.0397
0.0024
0.0062
0.0129
0.0279
0.0105
0.0054
0.0443
0.0264
0.0024
0.0024
0.0125
0.0290
0.0023
0.0205
0.0028
0.0151
0.0338
0.0024
0.0320
0.0035
0.0262
0.0026
0.0124
0.0104
0.0240
0.0199
0.0038
0.0042
0.0075
0.0393
0.0026
0.0445
0.0030
0.0072
0.0044
